LC001     1001234567    31  32
BD001     1001234567    32  32
PY001     1001234567    32  32
ES001     1001234567    28  32
CA001     1001234567    31  32
LC001     1002345678    32  32
BD001     1002345678    29  32
PY001     1002345678    30  32
ES001     1002345678    28  32
CA001     1002345678    31  32
LC001     1003456789    28  32
BD001     1003456789    32  32
PY001     1003456789    32  32
ES001     1003456789    29  32
CA001     1003456789    30  32
LC001     1004567890    31  32
BD001     1004567890    28  32
PY001     1004567890    30  32
ES001     1004567890    32  32
CA001     1004567890    30  32
LC001     1005678901    28  32
BD001     1005678901    30  32
PY001     1005678901    32  32
ES001     1005678901    30  32
CA001     1005678901    31  32
LC001     1006789012    30  32
BD001     1006789012    31  32
PY001     1006789012    30  32
ES001     1006789012    32  32
CA001     1006789012    29  32
LC001     1007890123    25  32
BD001     1007890123    28  32
PY001     1007890123    28  32
ES001     1007890123    24  32
CA001     1007890123    26  32
LC001     1008901234    28  32
BD001     1008901234    30  32
PY001     1008901234    22  32
ES001     1008901234    26  32
CA001     1008901234    26  32
LC001     1009012345    25  32
BD001     1009012345    28  32
PY001     1009012345    27  32
ES001     1009012345    29  32
LC001     1000123456    29  32
BD001     1000123456    29  32
PY001     1000123456    25  32
ES001     1000123456    30  32
LC001     1001098765    29  32
BD001     1001098765    24  32
PY001     1001098765    23  32
ES001     1001098765    26  32
LC001     1002098765    30  32
BD001     1002098765    27  32
PY001     1002098765    23  32
ES001     1002098765    25  32
LC001     1003098765    26  32
BD001     1003098765    25  32
PY001     1003098765    25  32
ES001     1003098765    24  32
LC001     1004098765    22  32
BD001     1004098765    22  32
PY001     1004098765    25  32
ES001     1004098765    29  32
LC001     1005098765    23  32
BD001     1005098765    29  32
PY001     1005098765    28  32
ES001     1005098765    25  32
LC001     1006098765    20  32
BD001     1006098765    21  32
PY001     1006098765    20  32
LC001     1007098765    17  32
BD001     1007098765    16  32
PY001     1007098765    24  32
LC001     1008098765    14  32
BD001     1008098765    15  32
PY001     1008098765    20  32
LC001     1009098765    17  32
BD001     1009098765    16  32
PY001     1009098765    22  32
LC001     1000098765    21  32
BD001     1000098765    14  32
PY001     1000098765    22  32